0.00 0.00 0.00 0.00 0.00 0.00 0.00 0.00 0.00 
0.00 49.00 84.00 105.00 112.00 105.00 84.00 49.00 0.00 
0.00 84.00 144.00 180.00 192.00 180.00 144.00 84.00 0.00 
0.00 105.00 180.00 225.00 240.00 225.00 180.00 105.00 0.00 
0.00 112.00 192.00 240.00 256.00 240.00 192.00 112.00 0.00 
0.00 105.00 180.00 225.00 240.00 225.00 180.00 105.00 0.00 
0.00 84.00 144.00 180.00 192.00 180.00 144.00 84.00 0.00 
0.00 49.00 84.00 105.00 112.00 105.00 84.00 49.00 0.00 
0.00 0.00 0.00 0.00 0.00 0.00 0.00 0.00 0.00 

0.151193
0.000009
16799.22
8399.61
